name: AutoTagsEnv
channels:
  - conda-forge
  - defaults
dependencies:
  - asttokens=2.0.5=pyhd3eb1b0_0
  - backcall=0.2.0=pyhd3eb1b0_0
  - biopython=1.81=py312he70551f_1
  - bzip2=1.0.8=he774522_0
  - ca-certificates=2023.11.17=h56e8100_0
  - colorama=0.4.6=py312haa95532_0
  - comm=0.1.2=py312haa95532_0
  - debugpy=1.6.7=py312hd77b12b_0
  - decorator=5.1.1=pyhd3eb1b0_0
  - executing=0.8.3=pyhd3eb1b0_0
  - intel-openmp=2023.2.0=h57928b3_50497
  - ipykernel=6.26.0=pyha63f2e9_0
  - ipython=8.15.0=py312haa95532_0
  - jedi=0.18.1=py312haa95532_1
  - jupyter_client=8.6.0=py312haa95532_0
  - jupyter_core=5.5.0=py312haa95532_0
  - libblas=3.9.0=20_win64_mkl
  - libcblas=3.9.0=20_win64_mkl
  - libexpat=2.5.0=h63175ca_1
  - libffi=3.4.4=hd77b12b_0
  - libhwloc=2.9.3=default_haede6df_1009
  - libiconv=1.17=h8ffe710_0
  - liblapack=3.9.0=20_win64_mkl
  - libsodium=1.0.18=h62dcd97_0
  - libsqlite=3.44.2=hcfcfb64_0
  - libxml2=2.11.6=hc3477c8_0
  - libzlib=1.2.13=hcfcfb64_5
  - matplotlib-inline=0.1.6=py312haa95532_0
  - mkl=2023.2.0=h6a75c08_50497
  - nest-asyncio=1.5.6=py312haa95532_0
  - numpy=1.26.2=py312h8753938_0
  - openssl=3.2.0=hcfcfb64_1
  - packaging=23.1=py312haa95532_0
  - parso=0.8.3=pyhd3eb1b0_0
  - pickleshare=0.7.5=pyhd3eb1b0_1003
  - pip=23.3.1=py312haa95532_0
  - platformdirs=3.10.0=py312haa95532_0
  - prompt-toolkit=3.0.36=py312haa95532_0
  - psutil=5.9.0=py312h2bbff1b_0
  - pthreads-win32=2.9.1=hfa6e2cd_3
  - pure_eval=0.2.2=pyhd3eb1b0_0
  - pygments=2.15.1=py312haa95532_1
  - python=3.12.0=h2628c8c_0_cpython
  - python-dateutil=2.8.2=pyhd3eb1b0_0
  - python_abi=3.12=4_cp312
  - pywin32=305=py312h2bbff1b_0
  - pyzmq=25.1.0=py312hd77b12b_0
  - setuptools=68.2.2=pyhd8ed1ab_0
  - six=1.16.0=pyhd3eb1b0_1
  - stack_data=0.2.0=pyhd3eb1b0_0
  - tbb=2021.10.0=h91493d7_2
  - tk=8.6.13=h5226925_1
  - tornado=6.3.3=py312h2bbff1b_0
  - traitlets=5.7.1=py312haa95532_0
  - ucrt=10.0.22621.0=h57928b3_0
  - vc=14.3=h64f974e_17
  - vc14_runtime=14.36.32532=hdcecf7f_17
  - vs2015_runtime=14.36.32532=h05e6639_17
  - wcwidth=0.2.5=pyhd3eb1b0_0
  - wheel=0.42.0=pyhd8ed1ab_0
  - xz=5.4.5=h8cc25b3_0
  - zeromq=4.3.4=hd77b12b_0
  - pip:
      - et-xmlfile==1.1.0
      - openpyxl==3.1.2
      - pandas==2.1.4
      - pytz==2023.3.post1
      - tzdata==2023.3
prefix: C:\ProgramData\anaconda3\envs\AutoTagsEnv
